Bronx,10453, 10457, 10460
Bronx,10458, 10467, 10468
Bronx,10451, 10452, 10456
Bronx,10454, 10455, 10459, 10474
Bronx,10463, 10471
Bronx,10466, 10469, 10470, 10475
Bronx,10461, 10462,10464, 10465, 10472, 10473
Brooklyn,11212, 11213, 11216, 11233, 11238
Brooklyn,11209, 11214, 11228
Brooklyn,11204, 11218, 11219, 11230
Brooklyn,11234, 11236, 11239
Brooklyn,11223, 11224, 11229, 11235
Brooklyn,11201, 11205, 11215, 11217, 11231
Brooklyn,11203, 11210, 11225, 11226
Brooklyn,11207, 11208
Brooklyn,11211, 11222
Brooklyn,11220, 11232
Brooklyn,11206, 11221, 11237
Manhattan,10026, 10027, 10030, 10037, 10039
Manhattan,10001, 10011, 10018, 10019, 10020, 10036
Manhattan,10029, 10035
Manhattan,10010, 10016, 10017, 10022
Manhattan,10012, 10013, 10014
Manhattan,10004, 10005, 10006, 10007, 10038, 10280
Manhattan,10002, 10003, 10009
Manhattan,10021, 10028, 10044, 10065, 10075, 10128
Manhattan,10023, 10024, 10025
Manhattan,10031, 10032, 10033, 10034, 10040
Queens,11361, 11362, 11363, 11364
Queens,11354, 11355, 11356, 11357, 11358, 11359, 11360
Queens,11365, 11366, 11367
Queens,11412, 11423, 11432, 11433, 11434, 11435, 11436
Queens,11101, 11102, 11103, 11104, 11105, 11106
Queens,11374, 11375, 11379, 11385
Queens,11691, 11692, 11693, 11694, 11695, 11697
Queens,11004, 11005, 11411, 11413, 11422, 11426, 11427, 11428, 11429
Queens,11414, 11415, 11416, 11417, 11418, 11419, 11420, 11421
Queens,11368, 11369, 11370, 11372, 11373, 11377, 11378
Staten Island,10302, 10303, 10310
Staten Island,10306, 10307, 10308, 10309, 10312
Staten Island,10301, 10304, 10305
Staten Island,10314
